1000 2784 5280
1000 1004 2480
1000 530 1338
1000 429 1108
1000 371 999
1000 317 809
1000 327 776
1000 308 784
1000 311 777
1000 307 870
1000 321 778
1000 304 804
1000 310 778
1000 305 779
1000 324 778
1000 306 803
1000 305 797
1000 304 981
1000 308 793
1000 315 779
1000 306 793
1000 312 824
1000 306 795
1000 308 779
1000 303 778
1000 307 805
1000 307 778
1000 311 818
1000 307 778
1000 307 796
1000 308 778
1000 326 791
1000 303 787
1000 306 789
1000 303 778
1000 343 1139
1000 352 823
1000 308 791
1000 311 778
1000 305 794
1000 308 777
1000 422 882
1000 305 777
1000 310 809
1000 331 777
1000 421 927
1000 447 1083
1000 312 779
1000 307 777
1000 305 855
1000 317 778
1000 474 1341
1000 315 819
1000 429 1260
1000 341 862
1000 466 1328
1000 306 780
1000 311 797
1000 304 781
1000 319 787
1000 304 777
1000 319 777
1000 305 804
1000 346 796
1000 306 777
1000 305 789
1000 304 778
1000 319 780
1000 319 778
1000 307 808
1000 306 778
1000 319 816
1000 308 814
1000 306 795
1000 326 777
1000 309 778
1000 497 1420
1000 320 777
1000 322 777
1000 321 777
1000 357 777
1000 317 778
1000 495 1412
1000 309 782
1000 308 788
1000 348 943
1000 327 778
1000 354 776
1000 305 778
1000 310 1027
1000 310 778
1000 326 859
1000 325 787
1000 324 805
1000 318 857
1000 305 778
1000 312 804
1000 329 1262
1000 305 777
1000 311 1032
