50000 98176 72775
50000 98530 72817
50000 97376 73902
50000 99653 72991
50000 104186 74697
50000 102098 74192
50000 102265 72838
50000 98219 72945
50000 98721 73426
50000 98633 72964
50000 99502 73094
50000 98302 72915
50000 98027 73042
50000 98050 72786
50000 98127 73046
50000 97769 73289
50000 97751 72900
50000 98831 72853
50000 98731 73224
50000 98063 72759
50000 98997 72850
50000 97744 73040
50000 97674 73142
50000 99928 73078
50000 100371 72731
50000 99242 73029
50000 98541 73033
50000 97385 72805
50000 98247 73297
50000 98481 73964
50000 97363 74022
50000 98624 73641
50000 100788 73018
50000 99304 73016
50000 98138 72957
50000 98452 73110
50000 97444 73000
50000 98332 73220
50000 98467 75156
50000 97821 73448
50000 99545 75206
50000 98489 73978
50000 97790 73196
50000 97887 72939
50000 99433 72974
50000 98551 74388
50000 98728 73639
50000 98072 72847
50000 97407 73045
50000 99787 73052
50000 97526 73740
50000 97851 73020
50000 99475 73033
50000 102645 73548
50000 98618 73005
50000 99078 73795
50000 98171 73152
50000 121688 74066
50000 98826 72667
50000 103649 73657
50000 100640 80193
50000 102322 95552
50000 107147 75449
50000 100240 72816
50000 111038 77149
50000 104043 73769
50000 101015 72539
50000 98377 79193
50000 118070 76496
50000 100925 73614
50000 97515 72796
50000 99379 76078
50000 99400 73027
50000 98138 73210
50000 100523 72864
50000 98376 72648
50000 102124 73067
50000 99346 72696
50000 98798 72545
50000 97629 72709
50000 112014 78809
50000 103398 72699
50000 104802 73385
50000 101071 73927
50000 98737 73556
50000 99699 72632
50000 98463 72846
50000 101930 72928
50000 101294 73105
50000 100674 73185
50000 98687 72983
50000 98187 73158
50000 98448 72807
50000 113303 74514
50000 99146 73037
50000 98313 73662
50000 101994 73133
50000 99341 86023
50000 99678 72768
50000 99399 72797
