10000 6244 16543
10000 2888 13278
10000 2894 13372
10000 3494 12826
10000 2879 12956
10000 2992 13421
10000 5053 13371
10000 2867 13381
10000 3273 14885
10000 3513 12803
10000 2859 17523
10000 2912 13317
10000 3044 12840
10000 4239 17572
10000 3664 15443
10000 2877 13630
10000 2866 13133
10000 2895 13240
10000 3183 12942
10000 2854 13371
10000 2974 13204
10000 3562 12734
10000 2946 13307
10000 3141 15269
10000 2934 13189
10000 3940 19992
10000 3005 14068
10000 2881 13251
10000 2890 18809
10000 2881 13091
10000 2946 13191
10000 3214 13170
10000 2915 13157
10000 3983 18705
10000 3229 13334
10000 3027 13438
10000 2892 13033
10000 2875 13204
10000 2968 14269
10000 2852 12939
10000 2947 13088
10000 2893 13663
10000 3001 12813
10000 2911 12949
10000 2948 13281
10000 2956 12965
10000 2926 12859
10000 3129 13312
10000 2924 13068
10000 2938 13058
10000 2913 13727
10000 2913 13563
10000 2844 12909
10000 2865 13741
10000 2995 13660
10000 2865 12938
10000 3367 19064
10000 2888 13770
10000 3610 12787
10000 2909 13203
10000 3227 12935
10000 3054 13605
10000 4073 18941
10000 2976 13636
10000 2865 12837
10000 2871 13592
10000 2895 13654
10000 2862 12862
10000 2895 12951
10000 2925 14249
10000 3028 13068
10000 2867 12911
10000 2880 13784
10000 2981 13394
10000 3109 19183
10000 4563 14178
10000 3046 12927
10000 2868 13858
10000 4461 13267
10000 2981 12979
10000 2942 12925
10000 4168 12945
10000 2878 12731
10000 2947 13673
10000 2908 12887
10000 2902 12889
10000 2947 13750
10000 3032 13560
10000 2893 12754
10000 2859 13251
10000 3167 13028
10000 2850 12755
10000 2883 13014
10000 4559 17649
10000 3095 12973
10000 4879 17074
10000 3413 14235
10000 2872 12862
10000 2876 27175
10000 3006 12812
