1000 2981 7229
1000 548 1661
1000 366 1170
1000 318 1013
1000 304 1012
1000 313 1036
1000 309 992
1000 322 1019
1000 319 984
1000 306 968
1000 493 1620
1000 334 970
1000 321 978
1000 306 969
1000 308 1011
1000 310 971
1000 483 1521
1000 403 1018
1000 322 977
1000 332 981
1000 303 996
1000 482 1611
1000 484 1498
1000 325 975
1000 319 967
1000 319 1055
1000 308 972
1000 476 1626
1000 494 1610
1000 319 987
1000 320 1031
1000 336 977
1000 318 974
1000 305 983
1000 305 970
1000 325 976
1000 305 978
1000 324 1057
1000 308 997
1000 305 969
1000 323 977
1000 311 1006
1000 304 974
1000 306 994
1000 308 970
1000 314 973
1000 338 1248
1000 307 983
1000 303 1023
1000 307 1140
1000 344 1147
1000 337 980
1000 307 972
1000 311 1009
1000 305 1002
1000 340 993
1000 346 967
1000 309 1021
1000 304 977
1000 443 1019
1000 305 969
1000 318 984
1000 497 1598
1000 498 1572
1000 305 985
1000 311 992
1000 309 968
1000 319 993
1000 305 968
1000 308 1015
1000 317 978
1000 308 997
1000 319 987
1000 342 967
1000 305 976
1000 307 1034
1000 318 985
1000 307 967
1000 345 968
1000 308 968
1000 320 969
1000 346 1115
1000 306 969
1000 307 985
1000 306 987
1000 325 976
1000 313 977
1000 308 1275
1000 315 1078
1000 312 1021
1000 312 1006
1000 310 1224
1000 409 1488
1000 385 1055
1000 329 986
1000 325 972
1000 396 1475
1000 499 1536
1000 327 1038
1000 304 982
