100000 258365 153229
100000 229301 158062
100000 217342 157367
100000 225842 156631
100000 228027 155076
100000 212088 153106
100000 213298 154783
100000 212213 153359
100000 214014 167389
100000 212683 153003
100000 213506 153508
100000 212883 155225
100000 215368 154573
100000 212077 153624
100000 214791 153635
100000 214409 159568
100000 236234 168700
100000 265775 160735
100000 232009 171941
100000 230861 160889
100000 219044 161427
100000 220518 154618
100000 217900 155991
100000 222591 159018
100000 233269 164418
100000 221310 156854
100000 225007 158462
100000 216575 154209
100000 228654 201689
100000 243176 154290
100000 231427 183468
100000 245369 167081
100000 224662 169844
100000 221174 153664
100000 215244 165391
100000 232073 154114
100000 216953 164468
100000 230595 154428
100000 216550 167702
100000 229957 154351
100000 217892 168406
100000 229756 155396
100000 215556 178654
100000 223974 154604
100000 215972 172880
100000 222753 154143
100000 228107 171786
100000 226143 156933
100000 225973 173641
100000 496026 182563
100000 227057 154223
100000 225131 156185
100000 213689 153805
100000 213246 153786
100000 214196 153622
100000 223675 155559
100000 257964 168044
100000 312837 155689
100000 215762 154082
100000 223554 177688
100000 313725 155047
100000 291620 162518
100000 228285 154730
100000 219677 237805
100000 249574 156340
100000 237657 170492
100000 222783 169907
100000 250224 170943
100000 229271 155563
100000 226532 159211
100000 234828 168565
100000 269271 274920
100000 246011 167813
100000 250663 157109
100000 223135 162315
100000 232253 154616
100000 220825 169228
100000 226172 155438
100000 216383 157989
100000 240368 154585
100000 215146 159246
100000 241861 155312
100000 215939 161350
100000 232076 154423
100000 216610 159740
100000 226768 154323
100000 215370 156673
100000 232538 154152
100000 215477 159383
100000 234102 155181
100000 216226 159083
100000 228378 154685
100000 218569 160653
100000 232555 157548
100000 215552 160026
100000 233835 155454
100000 215392 159163
100000 225882 156442
100000 214300 161284
100000 227519 156610
