200000 61024 2679250
200000 60338 2529711
200000 61613 2485356
200000 61335 2571500
200000 61773 2527053
200000 65168 2482481
200000 60699 2449181
200000 60396 2445016
200000 63639 2487555
200000 60861 2454074
200000 61483 2494728
200000 60270 2447477
200000 64198 2471296
200000 60750 2470342
200000 60955 2468468
200000 60637 2494563
200000 61331 2458962
200000 61160 2456955
200000 61015 2442287
200000 60271 2568743
200000 63594 2517383
200000 62869 2525248
200000 61615 2861065
200000 63822 2619663
200000 60476 2525659
200000 60955 2525554
200000 61856 3232142
200000 75904 2740413
200000 63042 2566579
200000 76185 2749553
200000 61391 2862985
200000 63469 3280136
200000 64973 3167518
200000 61743 2798949
200000 63663 2712818
200000 63165 2722055
200000 63028 2728231
200000 65285 2722340
200000 66438 2529379
200000 73669 2557099
200000 61937 2500235
200000 62971 2482074
200000 62504 2491820
200000 62230 2559943
200000 112045 2905410
200000 62307 2657175
200000 60911 2603360
200000 90367 2621222
200000 71971 2619963
200000 61504 2664698
200000 61565 2563374
200000 62660 2494352
200000 92490 4644121
200000 61503 2507182
200000 60671 2504933
200000 61731 2506501
200000 61078 2489724
200000 60620 2552358
200000 61491 2483277
200000 62132 2741108
200000 60710 2593694
200000 62008 2824663
200000 62982 2527691
200000 61912 2777816
200000 61077 2638775
200000 60481 2664755
200000 60465 2826010
200000 64531 2655862
200000 61100 2623214
200000 65930 2738418
200000 70346 2571653
200000 60637 2570971
200000 64760 2833810
200000 62337 2567775
200000 63955 2704676
200000 72863 2563514
200000 62114 2660759
200000 60681 2491672
200000 64853 2507097
200000 61907 2501174
200000 61525 2489173
200000 60624 2492498
200000 62505 2499770
200000 63252 2491538
200000 60989 2899557
200000 63629 2591641
200000 60448 2479317
200000 123141 2629262
200000 61171 2487036
200000 64061 2476039
200000 61138 2489870
200000 61680 2492912
200000 60711 2475108
200000 60758 2485345
200000 64616 2487002
200000 62410 2502888
200000 62945 2922285
200000 61372 2495894
200000 62111 2574892
200000 62187 2662683
