10000 22915 13732
10000 15932 13550
10000 15843 15764
10000 16037 12977
10000 21275 13107
10000 15892 13633
10000 17409 15274
10000 16234 13064
10000 23494 12861
10000 16568 14474
10000 17194 13254
10000 17464 14110
10000 21276 13041
10000 16102 13038
10000 16214 12728
10000 23414 12775
10000 15782 14206
10000 16193 15680
10000 16855 13231
10000 17268 13219
10000 20070 13890
10000 16139 13253
10000 17245 13019
10000 16711 13353
10000 16241 13432
10000 16533 13518
10000 16005 13224
10000 16645 15204
10000 17580 13144
10000 16682 13531
10000 18675 12762
10000 16161 13254
10000 15782 13662
10000 15718 13210
10000 16485 12822
10000 16505 13034
10000 15804 15801
10000 17069 12777
10000 16417 12821
10000 19798 13751
10000 15874 13162
10000 16475 12829
10000 23008 12794
10000 15794 13628
10000 16066 12814
10000 17016 12757
10000 20252 13965
10000 15991 14554
10000 17218 12707
10000 16906 12751
10000 17489 15126
10000 15802 14653
10000 16868 12780
10000 16759 12892
10000 15877 13655
10000 15840 13184
10000 16971 13118
10000 15958 13590
10000 15845 13644
10000 17136 12916
10000 16910 12847
10000 18931 14238
10000 15799 14674
10000 17219 12789
10000 15862 13549
10000 15860 15882
10000 15997 12839
10000 23323 12938
10000 15825 13705
10000 15826 14465
10000 18600 12859
10000 22296 12891
10000 15879 13679
10000 16870 12880
10000 16046 13637
10000 17119 15802
10000 17900 12727
10000 15886 13305
10000 15906 15159
10000 16965 12989
10000 16152 13592
10000 16332 15922
10000 15860 13752
10000 16162 13324
10000 21133 13364
10000 15831 13672
10000 16162 13563
10000 23467 12879
10000 15898 13375
10000 16493 12982
10000 16755 12894
10000 15745 13097
10000 15857 12900
10000 16427 12812
10000 16823 12718
10000 15846 12844
10000 16082 12994
10000 17164 12870
10000 15800 12852
10000 16734 12882
