200000 467320 2511467
200000 492935 2509684
200000 467700 2457156
200000 478538 2507056
200000 526537 2518898
200000 495594 2708258
200000 490346 2662425
200000 593037 2631745
200000 495645 2717124
200000 468342 2478086
200000 472693 3017689
200000 513903 2668286
200000 529327 2632349
200000 498736 2986632
200000 538539 2731458
200000 484756 2559039
200000 559394 2510561
200000 485004 2713633
200000 522172 2783283
200000 492963 2588960
200000 552599 2932720
200000 487585 2821460
200000 531512 2655360
200000 513133 2677060
200000 780756 2648098
200000 496172 2658820
200000 580786 2697155
200000 495628 2537733
200000 484287 2620219
200000 507702 2680002
200000 573058 2620661
200000 484892 2505645
200000 486537 2522699
200000 484286 2499175
200000 499873 2517694
200000 601167 2520100
200000 487692 2696156
200000 592214 2945673
200000 478986 2580840
200000 495562 2508122
200000 506915 2703705
200000 534884 2449069
200000 563150 2590755
200000 507150 2575609
200000 503829 2658878
200000 573226 2811113
200000 483258 2651008
200000 562262 2635309
200000 496178 3162335
200000 489826 2615044
200000 490353 2511632
200000 489354 2664046
200000 503994 2579230
200000 544782 2834152
200000 529964 2624054
200000 535680 2632884
200000 499235 2600513
200000 491731 2735857
200000 495291 2895390
200000 511429 2631721
200000 475927 2600832
200000 538901 2661717
200000 500407 2653923
200000 484415 2575296
200000 674609 2646641
200000 514243 2798503
200000 491288 2812675
200000 529312 2721229
200000 492264 2538567
200000 712273 2653076
200000 489516 2511727
200000 499922 2721425
200000 487504 2515509
200000 482045 2497197
200000 543416 2641457
200000 502242 2762924
200000 535339 2647428
200000 486940 2513471
200000 486632 2594523
200000 476046 2567569
200000 518753 2963475
200000 489133 2702724
200000 504654 3103249
200000 494308 2573290
200000 547678 2527879
200000 481530 2579116
200000 503276 2682160
200000 501745 2635855
200000 529485 2786651
200000 486154 2518555
200000 493572 2501442
200000 489256 2567452
200000 495667 2522600
200000 502090 2576253
200000 483835 2525537
200000 485437 2563870
200000 508517 2538343
200000 485247 2884034
200000 488582 3260824
200000 538386 2620538
