100000 30629 655104
100000 34077 753942
100000 32154 693184
100000 30849 728117
100000 30710 697524
100000 38343 736082
100000 30938 695326
100000 30315 733928
100000 31291 682137
100000 30783 673501
100000 32983 664066
100000 31943 718014
100000 30462 696171
100000 31909 673739
100000 32688 682166
100000 30675 669086
100000 31134 662712
100000 30865 684346
100000 31091 664146
100000 31192 665547
100000 31064 672931
100000 30759 673521
100000 30755 662991
100000 31841 660213
100000 30968 677514
100000 30188 1159394
100000 30527 667255
100000 30393 662309
100000 30331 776268
100000 32072 818651
100000 31704 716530
100000 30665 749052
100000 30614 702302
100000 32366 660469
100000 30757 683246
100000 31433 670263
100000 32220 661733
100000 31266 670117
100000 30441 670866
100000 30210 659910
100000 30047 666602
100000 31014 715912
100000 30838 679789
100000 32083 729398
100000 31920 707483
100000 30382 705775
100000 33096 689724
100000 32283 714782
100000 30919 762274
100000 30817 680442
100000 35941 777359
100000 30953 739174
100000 30506 722702
100000 73648 844108
100000 37306 856556
100000 31230 715092
100000 30420 767016
100000 31656 764969
100000 33135 754734
100000 36620 671644
100000 30602 670338
100000 31510 670864
100000 34014 675834
100000 30948 667057
100000 30411 670838
100000 30184 747705
100000 30877 712953
100000 31547 735090
100000 29875 709389
100000 31474 790281
100000 31051 846125
100000 30364 688337
100000 79309 850296
100000 30195 666990
100000 30440 767364
100000 31440 720009
100000 37934 757393
100000 30536 959558
100000 30320 682114
100000 30411 716949
100000 30779 675575
100000 31075 689594
100000 31024 692910
100000 31040 748765
100000 31445 670472
100000 30959 709814
100000 69033 822444
100000 38958 702727
100000 33900 700087
100000 30662 682158
100000 34795 835263
100000 30576 656745
100000 30665 674240
100000 32116 691903
100000 32488 702739
100000 32264 869457
100000 36424 785397
100000 42418 1264615
100000 32796 858726
100000 31688 740193
