1000 1385 1135
1000 1163 1020
1000 1162 1013
1000 1673 999
1000 1159 980
1000 1152 999
1000 1153 996
1000 1148 996
1000 1441 1033
1000 1129 978
1000 1172 977
1000 1160 986
1000 1135 976
1000 1181 1059
1000 1132 1006
1000 1167 988
1000 1166 979
1000 1194 1640
1000 1996 1477
1000 1161 1053
1000 1137 984
1000 1133 981
1000 1150 979
1000 1144 998
1000 1319 1006
1000 1137 979
1000 1155 982
1000 1134 990
1000 2083 1620
1000 1176 978
1000 1161 995
1000 1138 979
1000 1150 980
1000 1155 976
1000 1183 991
1000 1138 983
1000 1159 981
1000 1164 986
1000 1143 1003
1000 1157 977
1000 1161 1020
1000 1153 980
1000 1149 998
1000 1140 984
1000 1892 1571
1000 1880 1444
1000 1524 1040
1000 1215 983
1000 1155 991
1000 1334 1078
1000 1134 985
1000 1146 996
1000 1165 976
1000 1136 981
1000 1137 994
1000 1162 976
1000 1163 981
1000 1790 1286
1000 1717 1271
1000 1173 978
1000 1146 1004
1000 1152 980
1000 1145 983
1000 1826 1048
1000 1154 985
1000 1140 981
1000 1150 993
1000 1197 983
1000 1199 999
1000 1144 992
1000 1155 986
1000 1151 980
1000 1135 1017
1000 1742 999
1000 1278 1073
1000 1143 997
1000 1126 980
1000 1442 1731
1000 1932 1186
1000 1181 1024
1000 1195 1044
1000 1841 1235
1000 2196 1642
1000 1338 986
1000 1332 983
1000 1265 1146
1000 1196 975
1000 1476 1530
1000 1155 980
1000 1134 1005
1000 1325 1080
1000 1141 1015
1000 1724 1281
1000 1180 1048
1000 1867 1230
1000 1138 991
1000 1270 1048
1000 1434 986
1000 1351 1006
1000 1196 973
