50000 14721 189024
50000 15022 190465
50000 14806 195510
50000 15622 195726
50000 17855 213036
50000 40833 256428
50000 16489 205297
50000 16006 232421
50000 16512 205013
50000 16390 210794
50000 17242 206913
50000 15077 192904
50000 16186 204566
50000 15810 198867
50000 15611 200712
50000 16002 202241
50000 15448 199932
50000 15062 190163
50000 16818 190630
50000 15837 194100
50000 17167 202175
50000 15190 195932
50000 15510 192191
50000 15924 191869
50000 14856 199081
50000 15114 194181
50000 41946 210485
50000 15077 196587
50000 16071 196658
50000 15111 193652
50000 14783 197342
50000 14986 195443
50000 15635 198457
50000 16093 195831
50000 15709 191935
50000 15056 199242
50000 14850 191884
50000 14968 190558
50000 16528 191539
50000 17085 230963
50000 15040 220065
50000 14922 192647
50000 14852 189157
50000 15366 194239
50000 15312 194425
50000 15726 242993
50000 14952 226189
50000 15215 243749
50000 14953 193640
50000 15083 201757
50000 15048 199757
50000 15630 189683
50000 15281 192089
50000 26714 325525
50000 24511 218828
50000 16543 193773
50000 14832 197684
50000 15964 193690
50000 14774 190249
50000 15455 191760
50000 15602 193039
50000 16275 196896
50000 14802 193208
50000 14891 190423
50000 14837 192856
50000 15008 199013
50000 15289 197948
50000 15176 230644
50000 15460 189844
50000 15866 191401
50000 15105 196645
50000 14988 227104
50000 14768 206000
50000 20631 209920
50000 15345 217073
50000 14871 189883
50000 41519 314599
50000 19696 240075
50000 32060 230308
50000 15152 221632
50000 15617 198788
50000 19866 192374
50000 14981 192591
50000 15489 194326
50000 16236 194427
50000 15251 199143
50000 14888 190258
50000 14759 191410
50000 15582 192225
50000 15218 207215
50000 15002 199406
50000 21207 279359
50000 15300 210188
50000 15308 199880
50000 15300 196638
50000 21093 191507
50000 14849 205530
50000 14654 238673
50000 15096 192123
50000 17325 202848
