200000 469992 331851
200000 533065 344011
200000 614995 371879
200000 591974 325209
200000 516899 348715
200000 530952 351257
200000 529760 355207
200000 477674 348486
200000 539353 359689
200000 505483 364058
200000 509974 347874
200000 518815 426258
200000 491925 326424
200000 488849 379830
200000 489696 322976
200000 486136 325530
200000 490260 328678
200000 495122 330128
200000 488183 333189
200000 491036 338646
200000 481489 328546
200000 499876 325408
200000 485237 329425
200000 482344 323655
200000 481518 327370
200000 483144 330702
200000 491275 331008
200000 482265 332621
200000 489469 330051
200000 477663 326033
200000 488031 332386
200000 480816 329068
200000 489047 322355
200000 481760 322968
200000 494312 341921
200000 494964 327769
200000 523311 333819
200000 515765 340336
200000 510510 325395
200000 490901 347909
200000 487103 329675
200000 503368 331608
200000 482990 331145
200000 512013 363404
200000 482121 339909
200000 481957 328122
200000 729744 444252
200000 480855 322558
200000 499094 325461
200000 527194 351021
200000 495992 329377
200000 493657 436366
200000 480865 326912
200000 482851 323726
200000 485435 323035
200000 488694 331612
200000 523587 351468
200000 512251 322298
200000 488253 327076
200000 489007 365947
200000 529852 343172
200000 492753 328729
200000 505650 342886
200000 542152 369065
200000 483424 448143
200000 575378 389156
200000 482154 336927
200000 549155 352855
200000 479018 331675
200000 497523 343069
200000 560533 392261
200000 486662 324683
200000 550258 329605
200000 571349 343719
200000 560575 378160
200000 481487 363664
200000 513302 324146
200000 512530 338770
200000 557218 335679
200000 510744 360472
200000 527936 335089
200000 495824 322835
200000 560210 351127
200000 598038 413909
200000 524397 347374
200000 503796 371840
200000 491687 329996
200000 826825 346432
200000 513565 356719
200000 594477 335658
200000 529674 334490
200000 486836 329059
200000 484875 341378
200000 485564 335518
200000 594569 385079
200000 537851 373836
200000 560315 453384
200000 502939 348088
200000 498162 330590
200000 530142 329181
