1000 7359 5484
1000 1963 1385
1000 1362 965
1000 1175 830
1000 1251 1269
1000 1139 815
1000 1147 799
1000 1149 978
1000 1158 798
1000 1450 824
1000 1401 797
1000 1134 798
1000 1170 799
1000 1142 798
1000 1139 827
1000 1139 830
1000 1139 799
1000 1322 802
1000 1161 800
1000 1133 801
1000 1139 799
1000 1158 799
1000 1137 824
1000 1140 802
1000 1151 799
1000 1138 1017
1000 1663 801
1000 1156 798
1000 1144 815
1000 1192 796
1000 1131 798
1000 1152 816
1000 1139 798
1000 1162 1076
1000 1133 815
1000 1140 803
1000 1159 801
1000 1132 815
1000 1304 799
1000 1157 799
1000 1150 800
1000 1148 922
1000 1153 810
1000 1204 844
1000 1179 799
1000 1149 801
1000 1157 813
1000 1917 1321
1000 1162 801
1000 1155 801
1000 1141 799
1000 1156 799
1000 1170 805
1000 1148 797
1000 1149 806
1000 1168 812
1000 1136 828
1000 1136 801
1000 1355 1062
1000 1133 798
1000 1216 815
1000 1808 816
1000 1153 814
1000 1142 804
1000 1382 800
1000 1175 799
1000 1154 799
1000 1140 815
1000 1154 798
1000 1135 797
1000 1139 798
1000 1163 797
1000 1141 851
1000 1154 801
1000 1605 805
1000 1134 814
1000 1137 820
1000 1135 798
1000 1151 822
1000 1138 803
1000 1157 799
1000 1217 815
1000 1134 800
1000 1289 824
1000 2139 1471
1000 1170 820
1000 1186 825
1000 1223 804
1000 2031 1405
1000 1798 1087
1000 1142 798
1000 1133 798
1000 1151 798
1000 1134 799
1000 1148 809
1000 1136 833
1000 1144 798
1000 1168 798
1000 1154 813
1000 1151 800
