50000 98682 185423
50000 99581 185654
50000 105418 185875
50000 97383 189713
50000 98183 184668
50000 101305 184940
50000 98855 184862
50000 97808 184735
50000 97556 184613
50000 100524 185109
50000 97710 185208
50000 98181 184760
50000 98227 185017
50000 98640 208222
50000 98940 188179
50000 99569 184851
50000 97795 184269
50000 97831 184692
50000 98225 185420
50000 97985 185089
50000 98219 184502
50000 97913 185107
50000 99004 184465
50000 97812 184504
50000 98359 185166
50000 97461 184551
50000 97963 185621
50000 97668 184972
50000 100253 184301
50000 97155 184298
50000 97448 184537
50000 98515 185849
50000 98514 184773
50000 98245 184690
50000 98494 185586
50000 108603 191532
50000 98762 185871
50000 98166 184440
50000 97566 184841
50000 103629 185394
50000 99127 184891
50000 97642 184310
50000 97505 184333
50000 98187 187519
50000 98673 185047
50000 98855 184208
50000 100441 184731
50000 97463 184880
50000 98697 185219
50000 98035 184839
50000 98908 184769
50000 98350 184891
50000 98269 188106
50000 98357 184884
50000 98611 185270
50000 103060 185448
50000 99931 186266
50000 98282 185040
50000 99594 185977
50000 98022 188160
50000 103196 190654
50000 107397 192227
50000 98772 185668
50000 108302 187219
50000 103585 187244
50000 107647 194028
50000 105549 190171
50000 107223 198787
50000 110308 189438
50000 109874 195228
50000 99192 187029
50000 98523 184353
50000 103520 195209
50000 102947 190852
50000 98109 185558
50000 97949 184751
50000 97803 204445
50000 105375 187124
50000 99599 196496
50000 100741 195947
50000 100709 189993
50000 99361 185310
50000 97155 184489
50000 101355 191887
50000 104661 196263
50000 100924 184937
50000 98447 184406
50000 98307 184557
50000 98833 184967
50000 97908 186611
50000 100070 185159
50000 99319 184639
50000 103751 194566
50000 104974 192797
50000 104640 185619
50000 97182 184298
50000 97639 184886
50000 98782 186940
50000 99417 185961
50000 99134 204212
