10000 16871 15782
10000 24008 15426
10000 16060 15889
10000 15736 15849
10000 16686 15251
10000 15995 15878
10000 15877 15520
10000 16216 17208
10000 16455 15299
10000 16416 16213
10000 18683 18613
10000 15909 18249
10000 15886 15946
10000 15955 16926
10000 23584 15300
10000 15795 15802
10000 15808 15930
10000 16488 15325
10000 16064 15794
10000 15773 19114
10000 16003 18101
10000 16670 15343
10000 16585 15484
10000 15858 15876
10000 16159 19110
10000 16420 16614
10000 15970 15887
10000 16067 16194
10000 15878 15808
10000 16341 15771
10000 16507 15305
10000 16662 15366
10000 15858 15824
10000 15926 17819
10000 22039 15245
10000 20907 16968
10000 15775 15756
10000 18127 15282
10000 16294 15326
10000 16979 18754
10000 15982 15903
10000 15786 15744
10000 16472 15285
10000 16442 15324
10000 16320 15452
10000 16731 19586
10000 15828 15814
10000 17291 15769
10000 16525 15339
10000 23010 15319
10000 16333 19496
10000 15842 17545
10000 16553 15556
10000 16498 15269
10000 15875 15785
10000 16314 15363
10000 16503 15282
10000 16960 15288
10000 15802 15862
10000 15781 15916
10000 16618 16039
10000 16462 15275
10000 19567 17131
10000 15867 18201
10000 16535 15286
10000 16585 15564
10000 15720 15873
10000 15829 15831
10000 16634 16691
10000 22037 15312
10000 22008 15570
10000 15785 15857
10000 16671 15776
10000 17018 15313
10000 23665 15330
10000 15821 15862
10000 15725 15834
10000 16481 15249
10000 24227 15344
10000 15745 15817
10000 16099 15799
10000 16481 15632
10000 16619 15317
10000 15839 15867
10000 15839 15872
10000 15890 17178
10000 21025 15237
10000 15793 15957
10000 15804 15860
10000 15866 17402
10000 16868 15374
10000 23066 15393
10000 15868 15872
10000 15818 15904
10000 16644 15310
10000 16533 16151
10000 16435 16509
10000 16382 15828
10000 15739 15902
10000 16275 16714
