100000 212617 662053
100000 213678 690240
100000 215758 661635
100000 216095 660927
100000 211707 687648
100000 212018 661172
100000 214226 663960
100000 230852 710013
100000 224831 695201
100000 224271 744016
100000 212356 756665
100000 294677 841458
100000 358438 1285566
100000 364790 1057137
100000 354211 1418877
100000 269301 1043904
100000 312730 994819
100000 257529 693956
100000 257216 678467
100000 220304 668772
100000 212707 693623
100000 218435 666203
100000 217290 749496
100000 225039 801357
100000 216445 662856
100000 229000 678913
100000 216183 666665
100000 220152 667534
100000 212312 663480
100000 211682 663151
100000 212385 677705
100000 267105 737157
100000 234829 698302
100000 218863 738266
100000 389008 1311468
100000 538677 1146300
100000 466622 941618
100000 228016 675492
100000 220625 710176
100000 228922 709313
100000 238234 678445
100000 344689 780075
100000 226607 871888
100000 250224 714914
100000 238888 840891
100000 253433 706079
100000 222643 697257
100000 236699 785904
100000 245304 854981
100000 254816 807481
100000 249107 707419
100000 218479 676785
100000 229137 677213
100000 251398 734095
100000 225987 662231
100000 217410 665935
100000 230203 741221
100000 239577 824683
100000 223304 840225
100000 212777 663741
100000 243100 737312
100000 377696 1085538
100000 265335 1457534
100000 361589 1288481
100000 361456 777120
100000 226722 993460
100000 226815 724096
100000 223972 685404
100000 215998 846651
100000 227838 719087
100000 246244 691361
100000 335574 789649
100000 365742 791853
100000 244543 694631
100000 223547 690006
100000 272192 1034625
100000 270123 724399
100000 239234 755787
100000 256352 727669
100000 308149 703003
100000 254107 705202
100000 249414 782685
100000 233970 769394
100000 232457 704780
100000 230764 781899
100000 260031 790728
100000 227768 796331
100000 228972 734083
100000 242320 733316
100000 213279 675330
100000 214667 741395
100000 258216 892346
100000 228663 725567
100000 241092 696996
100000 261924 727720
100000 216386 691786
100000 286493 761781
100000 255939 708622
100000 221396 931269
100000 247573 900434
