100000 31036 154259
100000 30572 154049
100000 32894 157374
100000 32112 157716
100000 33483 172743
100000 30551 155700
100000 30402 153818
100000 31167 157361
100000 33058 157465
100000 32222 158433
100000 30871 157500
100000 31274 157264
100000 30588 157098
100000 30923 156908
100000 30593 177768
100000 31071 156938
100000 30654 154803
100000 30507 157641
100000 30419 157027
100000 31950 161398
100000 30766 157675
100000 31500 162712
100000 31438 154377
100000 30498 154149
100000 30361 157832
100000 34791 171843
100000 31250 160202
100000 31655 156977
100000 30946 154654
100000 30626 155036
100000 30682 155398
100000 30398 155503
100000 33363 216800
100000 47398 162026
100000 58925 180755
100000 30869 161922
100000 61811 177917
100000 31273 154381
100000 31378 156596
100000 30896 155878
100000 31744 160052
100000 30590 160960
100000 31320 159208
100000 31679 158255
100000 31620 155133
100000 30379 155791
100000 31889 153760
100000 31588 154636
100000 30691 154787
100000 31140 161132
100000 30161 201332
100000 32211 168891
100000 30993 158653
100000 44061 273399
100000 31991 154779
100000 31146 156884
100000 39721 169568
100000 32862 156174
100000 30642 153629
100000 30624 155215
100000 31157 174544
100000 30649 157768
100000 30577 193542
100000 32439 175576
100000 31189 177012
100000 32892 163131
100000 36205 154687
100000 33984 156645
100000 31517 229700
100000 32797 241393
100000 33914 157665
100000 33903 159666
100000 30548 155195
100000 30611 156794
100000 31999 158333
100000 30269 160951
100000 31161 165977
100000 31752 159128
100000 31383 156011
100000 30415 154733
100000 31220 154765
100000 41654 154354
100000 30532 155213
100000 30748 158192
100000 30418 162792
100000 32048 161024
100000 32519 158749
100000 30984 155373
100000 31268 157860
100000 32624 177070
100000 32409 167563
100000 30732 167404
100000 32565 163086
100000 32040 157157
100000 31556 156506
100000 31210 153996
100000 31295 153700
100000 31156 156784
100000 31374 161643
100000 34924 171143
