10000 3082 15999
10000 2845 15137
10000 2954 16013
10000 2860 14687
10000 2863 16098
10000 3024 15965
10000 2895 14665
10000 3583 22445
10000 3005 15658
10000 3051 15798
10000 2920 17000
10000 3291 15442
10000 3743 15246
10000 2946 17574
10000 4001 17225
10000 4578 17951
10000 3264 15265
10000 2950 16739
10000 3019 15236
10000 2972 16108
10000 2851 17202
10000 4743 16993
10000 3085 16172
10000 3981 16539
10000 2962 15493
10000 3262 16107
10000 3160 15873
10000 4632 16098
10000 3648 17046
10000 2962 16668
10000 3460 16115
10000 3701 16972
10000 3304 23145
10000 4581 16599
10000 2984 15443
10000 3071 16230
10000 4545 19521
10000 2995 16047
10000 2911 15092
10000 2929 14997
10000 2883 14759
10000 2866 14894
10000 2867 15278
10000 2894 14781
10000 2932 22842
10000 2859 15980
10000 2913 14863
10000 2909 14948
10000 3085 14936
10000 2960 14566
10000 2889 14877
10000 2951 15867
10000 2876 14863
10000 2872 23359
10000 2888 15059
10000 2896 14640
10000 2888 14845
10000 2949 15721
10000 2922 14665
10000 2879 14784
10000 2943 15040
10000 2909 14628
10000 2898 15014
10000 2937 15622
10000 3447 15011
10000 2927 14929
10000 2954 15948
10000 2887 14682
10000 2880 15868
10000 2901 15634
10000 2987 14750
10000 2860 15594
10000 2919 15739
10000 2874 14662
10000 2902 22785
10000 3246 15569
10000 2896 14630
10000 2934 15311
10000 4492 16886
10000 2992 14660
10000 2874 14999
10000 4087 16762
10000 2909 14588
10000 2918 15008
10000 2902 15532
10000 2903 15589
10000 2914 23481
10000 4609 16381
10000 2915 14617
10000 2892 15599
10000 2905 15516
10000 2875 14600
10000 2890 14742
10000 2904 14986
10000 2896 14607
10000 2892 14729
10000 3094 15924
10000 2981 15188
10000 3568 15802
10000 4390 14877
