200000 61227 321828
200000 101012 332999
200000 66643 345749
200000 64625 359158
200000 65265 401558
200000 76867 326697
200000 69963 419845
200000 60730 341287
200000 61814 342655
200000 67919 344251
200000 68837 341549
200000 60766 342127
200000 66030 324451
200000 61482 327867
200000 61329 331918
200000 62428 336947
200000 68769 323038
200000 63892 332152
200000 61920 339502
200000 61635 327464
200000 63243 437621
200000 65191 350016
200000 65899 331584
200000 62551 334889
200000 61209 337984
200000 60795 327030
200000 63544 335684
200000 61638 328542
200000 103266 374952
200000 62986 343368
200000 83628 361789
200000 62244 326323
200000 60802 324994
200000 61071 339624
200000 63555 364399
200000 61808 325997
200000 61386 343929
200000 66467 346937
200000 88417 376670
200000 62981 328240
200000 64198 340495
200000 82388 327543
200000 61557 330257
200000 78503 355151
200000 61689 370109
200000 70646 369359
200000 64914 402590
200000 68478 324365
200000 61263 324830
200000 64282 334537
200000 126543 324294
200000 75417 357625
200000 73345 347551
200000 69028 369843
200000 64917 364043
200000 62983 337761
200000 75743 324716
200000 63425 350524
200000 63669 326662
200000 68031 347720
200000 66045 327717
200000 60698 327073
200000 61837 330075
200000 71259 355606
200000 62832 328764
200000 64241 348351
200000 61493 345900
200000 64842 392367
200000 77524 339780
200000 64905 372933
200000 63820 362422
200000 61692 328384
200000 61233 323994
200000 121565 343362
200000 62214 329161
200000 61085 337489
200000 64444 368736
200000 62500 339068
200000 62547 344121
200000 79339 399524
200000 67088 355506
200000 63778 360997
200000 68859 373931
200000 83736 353575
200000 64664 355927
200000 62640 367637
200000 63095 369493
200000 60853 329389
200000 66584 332820
200000 62456 333735
200000 62660 340036
200000 63898 326265
200000 62097 334957
200000 61754 333596
200000 61771 344573
200000 63697 325362
200000 61056 330400
200000 61845 336783
200000 64323 329672
200000 60674 324118
