50000 15288 74135
50000 16483 75993
50000 17066 75710
50000 15783 88222
50000 15162 73818
50000 15282 75390
50000 14971 76461
50000 15179 75022
50000 15095 74563
50000 16145 80354
50000 15944 77475
50000 15784 76744
50000 15826 78460
50000 15139 74033
50000 14991 75696
50000 14817 76399
50000 15535 77355
50000 16022 77730
50000 16672 82797
50000 16254 79725
50000 15193 75661
50000 18118 98986
50000 18118 82834
50000 15857 75478
50000 17690 82603
50000 19623 79202
50000 40069 84595
50000 16845 80220
50000 15279 74902
50000 14712 74583
50000 14907 87487
50000 14864 74187
50000 14925 73457
50000 15177 74163
50000 14927 73778
50000 14729 74174
50000 15177 74726
50000 14917 74083
50000 15684 73576
50000 15004 73290
50000 16402 80182
50000 23615 86232
50000 15807 75863
50000 15403 74415
50000 14883 75656
50000 15229 73327
50000 15589 76663
50000 14734 74229
50000 16470 75039
50000 15411 74025
50000 15331 74692
50000 15009 75263
50000 14729 74548
50000 15177 76909
50000 15336 76182
50000 15663 75122
50000 14974 79750
50000 15694 75133
50000 15374 75483
50000 14933 74238
50000 16081 76020
50000 14921 75185
50000 15694 97760
50000 33117 74025
50000 15567 74092
50000 15041 73871
50000 15325 79371
50000 14825 86836
50000 15208 78041
50000 18631 73731
50000 15341 73755
50000 15574 74075
50000 16119 74907
50000 14712 80471
50000 17915 74928
50000 16709 88890
50000 15658 76103
50000 18048 75442
50000 16471 76235
50000 15005 74677
50000 15129 78166
50000 14689 81131
50000 15034 77011
50000 16011 90837
50000 15180 83783
50000 15178 74037
50000 14924 75932
50000 15166 74512
50000 15792 83405
50000 15852 75351
50000 15082 100833
50000 15270 82139
50000 15519 75208
50000 15784 75148
50000 16614 76799
50000 15814 91612
50000 15973 73921
50000 15197 107711
50000 14828 74090
50000 14891 85298
